20
3
4
0.4
0.4 0.3 0.3 0.0
0.44926316 0.10939499
0.21953011 0.85231770
0.10236761 0.06171567
0.27516813 0.97393949
0.44926316 0.10939499
0.21953011 0.85231770
0.10236761 0.06171567
0.27516813 0.97393949
0.44926316 0.10939499
0.21953011 0.85231770
0.10236761 0.06171567
0.27516813 0.97393949
0.70317263 0.29682737 0.00000000 0.00000000
0.00000000 0.03159578 0.00000000 0.96840422
0.00000000 0.00000000 0.37932461 0.62067539
0.30200956 0.00000000 0.00000000 0.69799044
0.00000000 0.00000000 0.08423799 0.91576201
0.80689287 0.00000000 0.19310713 0.00000000
0.20350136 0.79649864 0.00000000 0.00000000
0.00000000 0.16178167 0.00000000 0.83821833
0.70317263 0.29682737 0.00000000 0.00000000
0.00000000 0.03159578 0.00000000 0.96840422
0.00000000 0.00000000 0.37932461 0.62067539
0.30200956 0.00000000 0.00000000 0.69799044
0.00000000 0.00000000 0.08423799 0.91576201
0.80689287 0.00000000 0.19310713 0.00000000
0.20350136 0.79649864 0.00000000 0.00000000
0.00000000 0.16178167 0.00000000 0.83821833
0.70317263 0.29682737 0.00000000 0.00000000
0.00000000 0.03159578 0.00000000 0.96840422
0.00000000 0.00000000 0.37932461 0.62067539
0.30200956 0.00000000 0.00000000 0.69799044
0.00000000 0.00000000 0.08423799 0.91576201
0.80689287 0.00000000 0.19310713 0.00000000
0.20350136 0.79649864 0.00000000 0.00000000
0.00000000 0.16178167 0.00000000 0.83821833
